cityname,url
choa-chu-kang-columbarium,https://www.instagram.com/explore/locations/113599302022520/choa-chu-kang-columbarium/
chengtai-nursery,https://www.instagram.com/explore/locations/130230334126920/chengtai-nursery/
national-shooting-centre,https://www.instagram.com/explore/locations/1066056/national-shooting-centre/
muslim-cemetery-north-st-4a-n-1-19,https://www.instagram.com/explore/locations/2232648210183680/muslim-cemetery-north-st-4a-n-1-19/
singapore-gun-club,https://www.instagram.com/explore/locations/8580722/singapore-gun-club/
chua-chu-kang-columbarium,https://www.instagram.com/explore/locations/241656146/chua-chu-kang-columbarium/
choa-chu-kang-columbarium,https://www.instagram.com/explore/locations/1209529/choa-chu-kang-columbarium/
myanmar-funny-tube,https://www.instagram.com/explore/locations/668276173610731/myanmar-funny-tube/
kampong-bereh-singapore,https://www.instagram.com/explore/locations/1018177334/kampong-bereh-singapore/
old-chua-chu-kang-road,https://www.instagram.com/explore/locations/720073300/old-chua-chu-kang-road/
tempat-istirehat-bondaku-n-1-19-plot-4098,https://www.instagram.com/explore/locations/101169768325736/tempat-istirehat-bondaku-n-1-19-plot-4098/
national-shooting-centre,https://www.instagram.com/explore/locations/740705589599475/national-shooting-centre/
chinese-cemetery,https://www.instagram.com/explore/locations/11876274/chinese-cemetery/
chinese-cemetary-path-36,https://www.instagram.com/explore/locations/2108486602750405/chinese-cemetary-path-36/
temple-hill,https://www.instagram.com/explore/locations/39999959/temple-hill/
singapore-rifle-association,https://www.instagram.com/explore/locations/390948355/singapore-rifle-association/
singapore-shooting-association,https://www.instagram.com/explore/locations/627270267303274/singapore-shooting-association/
choa-chu-kang-crematorium,https://www.instagram.com/explore/locations/672231526536299/choa-chu-kang-crematorium/
chinese-cemetery-path-38,https://www.instagram.com/explore/locations/7982718/chinese-cemetery-path-38/
singapore-shooting-centre,https://www.instagram.com/explore/locations/362329650/singapore-shooting-centre/
lim-chu-kang-chinese-cemetery,https://www.instagram.com/explore/locations/423726738066141/lim-chu-kang-chinese-cemetery/
apg-caren-holistic-after-life-planner,https://www.instagram.com/explore/locations/123640198163799/apg-caren-holistic-after-life-planner/
chua-chu-kang-chinese-cemetery-path-11,https://www.instagram.com/explore/locations/722301869/chua-chu-kang-chinese-cemetery-path-11/
the-mazaher-affair,https://www.instagram.com/explore/locations/1464843237096002/the-mazaher-affair/
pusara-abadi-blk-n-1-19,https://www.instagram.com/explore/locations/529057500836898/pusara-abadi-blk-n-1-19/
choa-chu-kang-camp,https://www.instagram.com/explore/locations/246109552105676/choa-chu-kang-camp/
lim-chu-kang-chinese-cemetery-path-36,https://www.instagram.com/explore/locations/347180758/lim-chu-kang-chinese-cemetery-path-36/
cck-indian-cemetery,https://www.instagram.com/explore/locations/439112378/cck-indian-cemetery/
national-shooting-centre-range-b,https://www.instagram.com/explore/locations/442273237/national-shooting-centre-range-b/
cck-crematorium,https://www.instagram.com/explore/locations/384308667/cck-crematorium/
poyan-range,https://www.instagram.com/explore/locations/347013132/poyan-range/
lck-c-2-1-chinese-cemetery-path-21,https://www.instagram.com/explore/locations/2238824333020915/lck-c-2-1-chinese-cemetery-path-21/
nirvana-sg-jesslyn,https://www.instagram.com/explore/locations/142806857936009/nirvana-sg-jesslyn/
chinese-cemetery-path-17,https://www.instagram.com/explore/locations/206549766036294/chinese-cemetery-path-17/
pusara-abadi-muslim-cemetery,https://www.instagram.com/explore/locations/105279021563241/pusara-abadi-muslim-cemetery/
columbarium-lim-chu-kang,https://www.instagram.com/explore/locations/1019470014/columbarium-lim-chu-kang/
singapore-rifle-association,https://www.instagram.com/explore/locations/1588161144735334/singapore-rifle-association/
choa-chu-kang-columbarium,https://www.instagram.com/explore/locations/359704064424002/choa-chu-kang-columbarium/
lim-chu-kang-chinese-cemetry-path-18,https://www.instagram.com/explore/locations/691597764/lim-chu-kang-chinese-cemetry-path-18/
singtel-comcenter,https://www.instagram.com/explore/locations/730747029/singtel-comcenter/
lim-chu-kang-cemetry-path-36,https://www.instagram.com/explore/locations/164396140845019/lim-chu-kang-cemetry-path-36/
chao-chu-kang-cemetery-path-19,https://www.instagram.com/explore/locations/186040761462138/chao-chu-kang-cemetery-path-19/
national-shooting-club,https://www.instagram.com/explore/locations/264439709/national-shooting-club/
lim-chu-kang-chinese-cemetry-path-19,https://www.instagram.com/explore/locations/190116655259711/lim-chu-kang-chinese-cemetry-path-19/
chinese-ceremetry,https://www.instagram.com/explore/locations/190392507658550/chinese-ceremetry/
lim-chu-kang-chinese-cemetery-blk-17,https://www.instagram.com/explore/locations/734617239/lim-chu-kang-chinese-cemetery-blk-17/
temple-hillpoyang-range,https://www.instagram.com/explore/locations/256747558359319/temple-hillpoyang-range/
lim-chu-kang-path-36unit-2493-in-chinese-cemetery,https://www.instagram.com/explore/locations/483523558368930/lim-chu-kang-path-36unit-2493-in-chinese-cemetery/
choa-chu-kang-chinese-columbarium,https://www.instagram.com/explore/locations/340056826/choa-chu-kang-chinese-columbarium/
pusara-abadi,https://www.instagram.com/explore/locations/110281601292368/pusara-abadi/
cckc,https://www.instagram.com/explore/locations/115012491906886/cckc/
colobarium,https://www.instagram.com/explore/locations/244593986207194/colobarium/
poyang-range,https://www.instagram.com/explore/locations/238470239523924/poyang-range/
lim-chu-kang-chinese-cemetry-path-26,https://www.instagram.com/explore/locations/257997884216083/lim-chu-kang-chinese-cemetry-path-26/
choa-chu-kang-columbarium,https://www.instagram.com/explore/locations/722335562/choa-chu-kang-columbarium/
lim-chu-kang-chinese-cemetery-path-38,https://www.instagram.com/explore/locations/296600890407633/lim-chu-kang-chinese-cemetery-path-38/
lim-chu-kang-chinese-cemetry-path-17-blk14f,https://www.instagram.com/explore/locations/213862035306353/lim-chu-kang-chinese-cemetry-path-17-blk14f/
pusara-aman-n-1-19,https://www.instagram.com/explore/locations/487814132026793/pusara-aman-n-1-19/
201-squadron-lorong-danau,https://www.instagram.com/explore/locations/1018092808/201-squadron-lorong-danau/
lim-chu-kang-training-area,https://www.instagram.com/explore/locations/288641519/lim-chu-kang-training-area/
chinese-cemetry-path-19-blk-19,https://www.instagram.com/explore/locations/253627211/chinese-cemetry-path-19-blk-19/
jalan-murai,https://www.instagram.com/explore/locations/343172503/jalan-murai/
